   1.4740123e+01   1.9025767e+00
   9.2761051e+00   4.2845689e+00
   1.3156025e+01   4.9577733e+00
   1.2997675e+01   3.6406009e+00
   5.2053771e-01   1.9965822e+00
   2.2933918e-01   4.1373843e+00
  -1.9930464e+00   1.9256348e+00
   4.7955791e+00   3.6957312e+00
   8.1346789e-01   4.0118811e+00
   3.3069646e+00   4.4304665e+00
   4.2232342e+00   8.3984579e+00
   4.3861613e+00   8.0097078e+00
   1.3451409e+01   4.0858280e+00
   1.4657725e+01   2.0371322e+00
   1.2264852e+01   4.4123137e+00
   5.7147617e+00   5.0446142e+00
   2.9872518e+00   6.7597108e+00
   1.1291980e+01   2.5679390e+00
   1.3400081e+01   4.4425838e+00
   1.5030005e+01   2.9642884e+00
   1.3182585e+01   3.5540375e-01
   1.2039529e+00   1.6902164e+00
   8.5011583e+00   6.7917889e+00
   1.1193973e+01   3.9121473e+00
   1.0583153e+01   7.8469703e+00
   3.8885286e+00   8.9128922e+00
   3.3076349e+00   7.0975251e+00
   1.2026361e+01   4.9943601e+00
  -1.4898875e+00   1.5811957e+00
  -2.6281559e+00   1.8968451e+00
   3.1958520e+00   2.6704917e+00
   5.2037763e+00   5.6363968e+00
   4.4185444e+00   7.9594516e+00
   4.1301295e+00   4.7986900e+00
   8.7048865e+00   7.3710701e+00
   1.1854799e+01   1.8760088e+00
   1.2697327e+01   3.3361115e+00
   3.9610489e+00   1.8106218e+00
   5.8773316e+00   6.1352685e+00
   1.1986709e+01   3.5210265e+00
   4.7985142e+00   6.6044674e+00
  -1.8609973e+00   4.1501575e+00
   1.3560359e+01   4.3824567e+00
   7.5674683e+00   2.5602403e+00
   6.2305944e+00   6.1201242e+00
  -2.3922527e-02   9.8072475e-01
   5.1590778e+00   5.8705971e+00
   1.4953361e+01   1.0988477e+00
   4.5389567e+00   8.6430899e+00
   6.7661187e+00   4.6634109e+00
   3.8098604e+00   8.3956689e+00
   1.2645551e+01   3.3797726e+00
   1.0311576e+01   6.3913804e+00
   5.0413715e+00   9.4752261e+00
   1.5045192e+01   1.9039153e+00
   5.7983794e+00   5.9747450e+00
   6.8343833e+00   5.7010865e+00
   9.8366323e-01   3.5235528e+00
   3.0190842e+00   2.2398665e+00
   8.9564350e+00   7.1339221e+00
   1.5483255e+01   2.7034858e+00
   8.9834862e+00   7.3516796e+00
   2.6101945e+00   8.7290373e+00
   1.1721360e+01   1.6081624e+00
   6.7291049e+00   6.2805355e+00
   3.6826549e+00   7.7687781e+00
   1.4175567e+01   3.8845923e+00
  -1.8182934e+00   1.7861324e+00
   1.1733220e+01   3.2781390e+00
   6.8096342e+00   5.5050631e+00
   1.0807676e+01   6.5716954e+00
   5.1900268e+00   2.6574297e+00
   7.5089342e+00   5.7709880e+00
   1.3453244e+01   3.0562437e+00
   1.2879926e+01   4.5315591e+00
   8.9617535e+00   6.8074029e+00
   1.3256175e+01   3.5930630e+00
   1.0389327e+01   6.9551392e+00
   4.5022905e+00   8.3677154e+00
   6.3659348e+00   2.3461103e+00
   4.4930391e+00   4.7065605e+00
   1.3606770e+01   3.5234740e+00
   7.1177688e+00   5.8873567e+00
   9.3667010e+00   7.2244109e+00
   5.8718433e+00   5.5506270e+00
   4.4714380e+00   4.9860943e+00
   6.1753596e+00   6.1092061e+00
   3.1842445e+00   9.8713291e+00
   1.2043377e+01   4.2737466e+00
   1.2234159e+01   3.5379495e+00
  -6.0989373e+00   1.8041505e+00
   4.0074131e+00   2.1029150e+00
   1.3913661e+01   3.4879802e+00
   1.3337802e+01   8.6271745e+00
   1.4866018e+01   7.8911446e-01
   2.7838968e+00   9.4269681e+00
   3.3323620e+00   6.0284835e+00
   7.4526500e+00   6.6044866e+00
   1.2334198e+01   3.2614752e+00
   1.3607432e+01   2.4379744e+00
   1.4353419e+01   1.9344036e+00
   1.1864261e+01   2.6971638e+00
  -3.7435839e+00   2.9290484e+00
   3.3150954e+00   8.5272756e+00
   3.1448156e+00   7.0217161e+00
   9.7613420e+00   7.3032445e+00
   1.0115346e+01   6.1425456e+00
   2.0595733e+00   1.8728187e+00
   1.1664855e+01   3.1665045e+00
   7.5362128e+00   6.3434553e+00
   1.1944935e+01   4.2158897e+00
   1.2718862e+01   2.7188293e+00
   1.1830474e+01   5.7140445e+00
   2.0706780e+00   7.1659024e-01
   6.5588849e+00   6.7908771e+00
   6.9090681e+00   5.8153468e+00
   1.0156634e+01   5.1133842e+00
   1.0938196e+01   4.0662819e+00
   6.9230049e+00   6.5478451e+00
   1.3976752e+01   4.6170308e+00
   1.2829069e+01   2.2186253e+00
   3.6182499e+00   9.0490052e+00
   1.3955973e+01   2.9995364e+00
   9.1760353e+00   6.7084912e+00
   1.2954154e+01   2.4685455e+00
   6.7651246e-01   2.7377089e+00
   3.9600222e+00   8.6331416e+00
   1.0660533e+01   4.4002111e+00
  -3.0331184e+00   7.9881572e-01
   4.0912188e+00   6.9256165e+00
   1.3695362e+01   2.2733019e+00
   1.2597885e+01   1.6400201e+00
   6.6136368e+00   4.9586518e+00
   7.1499712e+00   6.1916895e+00
   2.9904275e+00   1.4069067e+00
   1.4209628e+01   7.8247068e-01
   4.1575920e+00   9.3010794e+00
   1.1955225e+01   1.0161311e+00
  -1.8198228e+00   1.6546856e+00
  -2.4238099e+00   1.6418781e+00
   3.1323403e+00   6.4036567e+00
  -8.0074700e-01   2.0411524e+00
   7.0614536e+00   6.6573373e+00
   2.0723579e+00   7.5691080e+00
  -1.4989153e-01  -1.0737196e+00
   5.7983894e+00   2.1870234e+00
   1.4008923e+01   8.1453650e-01
   5.9461446e+00   6.3057657e+00
   3.1260539e+00   9.0854286e+00
   1.4808998e+01   3.3023345e+00
   1.2416609e+01   6.6850147e+00
   1.5237129e+01   3.8245458e-02
   5.9049372e+00   5.7389519e+00
   1.2597464e+01   3.7383868e+00
   5.5544788e+00   9.7305722e+00
   3.3100684e+00   8.3710672e+00
   1.4462083e+01   3.1971666e+00
   3.3472634e+00   3.3571529e+00
   8.4332088e+00   7.9851246e+00
   9.6117442e+00   5.8334322e+00
   4.0769627e+00   9.2429715e+00
   3.3540966e+00   7.0263400e+00
   1.6369516e+00   1.3508068e+00
   9.5869123e+00   6.9587032e+00
   1.4076125e+01   2.7938332e+00
   8.6235033e+00   6.2104706e+00
   5.0799961e+00   3.9461151e+00
   2.0510223e+00   2.7323493e+00
  -4.0842052e+00   1.2533901e+00
   7.5537948e+00   2.5476753e+00
   7.2123917e+00   9.0165715e+00
   1.2190702e+01   1.2216483e+00
   7.5042270e+00   6.2806102e+00
   1.3157513e+01   4.8830101e+00
   1.4142179e+01   7.0798525e-01
   1.3929084e+01   1.6794065e+00
   4.4538996e+00   8.5514408e+00
   1.4654400e+01   2.2715656e+00
   1.3015163e+01   4.1999888e+00
   5.3299926e+00   2.8462364e-01
   1.2804152e+01   3.4758271e+00
   6.6412893e+00   6.1615196e+00
   4.8855406e+00   8.3519722e+00
   4.3740872e+00   9.2201000e+00
   2.8210504e+00   6.8720142e+00
   1.2785673e+01   3.6915780e+00
   3.3613600e+00   7.0273561e+00
   1.3266459e+01   3.5071361e+00
   1.0984151e+01   3.7588041e+00
   3.7328740e-01   2.2848414e+00
   4.9742459e+00   8.7719627e+00
   2.7676031e+00  -2.5902686e-01
   1.4246676e+01   3.7751062e+00
  -1.0996495e+00   2.2842538e+00
   7.1626235e+00   7.2105304e+00
   3.1248688e+00   7.5106680e+00
   1.3949237e+01   4.1692292e+00
   1.2393940e+01   4.5306808e+00
   3.8379720e+00   8.5937398e+00
   1.5578840e+01   1.4033830e+00
   5.1863382e+00   7.4669361e+00
   1.4270596e+01   4.3699668e+00
  -5.4941233e-01   1.6608848e+00
  -2.8272287e+00  -3.0832220e-01
   1.2108685e+01   7.1224025e+00
   1.4152206e+01   2.2280644e+00
   9.3045517e+00   7.9679658e+00
   5.3752595e+00   9.0925921e+00
   6.9260892e+00   5.1499149e+00
   8.1103325e+00   5.1149809e+00
   5.8471361e+00   5.6553707e+00
   6.0861346e+00   4.4330195e+00
   3.3386078e+00   4.9154298e+00
   1.0351143e+01   2.9484259e+00
   3.7177736e+00   1.7091046e+00
   1.1087000e+01   3.1529642e+00
   2.2833511e+00   6.8528884e-01
   1.0610825e+01   4.2934035e+00
  -8.7499889e-01   1.4213214e+00
   1.3469708e+01   6.1220310e-01
   1.4130642e+01   1.4568534e+00
   1.2204721e+01   2.3593057e+00
   1.3928885e+01   3.1018226e+00
   1.3836591e+01   2.2014249e+00
   4.6222578e+00   6.4398497e+00
   4.9854222e+00   1.1384271e+00
   6.2733391e+00   6.5958459e+00
   4.4692691e+00   2.2999707e+00
   1.2079186e+01   2.0776151e+00
   4.4101917e+00   8.1221628e+00
   1.3576810e+01   3.1596212e+00
   1.3937179e+01   2.6385425e+00
   1.5682282e+01   1.9677160e+00
   1.1456960e+01   5.1789266e+00
   6.0469704e+00   6.2825566e+00
   8.3515232e-01   1.8311926e+00
   3.7272791e+00   1.0019004e+00
   3.9581331e+00   6.6162327e+00
   4.7186624e+00   5.3862791e+00
   3.4865437e-01   1.5989824e+00
   4.2987279e+00   8.3134303e+00
   1.4470257e+01   1.6091013e+00
   2.3052125e+00   8.4745958e+00
   1.4876117e+00   1.7061140e+00
   6.0370820e+00   9.8448675e-01
   4.1445903e+00   2.8186119e+00
   1.1511359e+01   5.0203169e+00
   1.2714221e+00   2.9221561e+00
   6.0596332e+00   8.2155944e+00
   1.0482489e+01   2.0584314e+00
   1.2646861e+01   2.2206725e+00
   5.6627920e+00   5.3824817e+00
   2.6610355e+00   1.7783185e+00
   1.2289637e+01   5.3011277e+00
   8.5183570e+00   6.1415255e+00
   1.2325793e+01   4.4738244e+00
   9.6725848e+00   8.0229061e+00
   6.0553201e+00   5.1199850e+00
   5.7765271e+00   3.7823614e+00
   7.8241538e+00   5.6049179e+00
   5.2835978e+00   5.3189872e+00
   3.4789083e+00   6.1231499e+00
   8.5319736e+00   5.4782638e+00
   4.0092605e+00   9.1649173e+00
   1.2988236e+01   3.3914027e+00
   7.3196904e+00   6.9204381e+00
   5.3882265e+00   5.2039718e+00
   3.0148940e+00   6.9489532e+00
   6.2509165e+00   6.3646513e+00
   2.9334719e+00   6.0953934e+00
  -1.7893117e+00   2.1060741e-01
   5.8329786e+00   7.0637636e+00
   1.2963152e+01   1.5012642e+00
   1.3489784e+01   3.2996145e+00
   4.1669056e+00   6.4042909e+00
   7.1228570e+00   6.6948025e+00
   1.1914530e+01   5.5459834e+00
   3.4875528e+00   3.0058488e+00
   6.6800716e+00   5.3024129e+00
   5.6222731e+00   7.9666160e+00
   4.6845807e+00   6.5698849e+00
  -7.3921960e-01   1.0616349e+00
  -1.8604290e+00   2.2074341e+00
   5.6245015e+00   5.2441396e+00
   4.3161916e+00   4.7959352e+00
   9.2874389e+00   7.3154371e+00
   7.9366688e+00   5.5545400e+00
   5.2430460e+00   5.5348178e+00
   1.0132005e+01   3.2333965e+00
   6.3911613e+00   5.2914007e+00
   1.4832635e+01   3.3171740e+00
   1.4530933e+01   3.6829395e+00
   1.5822175e+01   1.2792174e+00
   1.2356372e+01   2.5432344e+00
  -4.0804925e-01   2.1645317e-01
   4.9996465e+00   6.7063320e+00
   1.0264540e+01   5.7990785e+00
   2.5369492e+00   4.8232215e+00
   4.2916858e+00   8.4039255e+00
   6.5771733e+00   5.7494785e+00
   9.0737767e+00   6.0546080e+00
   5.7342252e+00   5.9135372e+00
   5.7764082e+00   1.0091608e+01
  -3.1202332e-01   3.4421008e+00
   3.0818839e+00   1.8753600e+00
   6.4309059e+00  -5.3720728e-02
   4.3477186e+00   6.0520644e+00
   1.4049183e+01   4.3089718e+00
   1.3985148e+01   1.8846378e+00
   1.3466775e+01   1.3949280e+00
   1.1230899e+01   6.5084988e+00
   1.1923287e+01   4.2242105e+00
   3.4456999e+00   4.8745503e+00
   6.1401627e+00   2.0211399e+00
   6.0197781e+00   3.7632368e+00
   1.3176781e+01   8.6041670e+00
   7.9467439e+00   7.0367165e+00
   3.6658413e+00   2.9281606e+00
   1.2574990e+01   1.9702369e+00
   1.1570356e+01   3.3081338e+00
   6.8662004e+00   6.3852708e+00
   7.1969448e+00   4.4707538e+00
   3.0086153e+00   7.7192840e+00
   1.4265577e+01   1.3861638e+00
   1.2168780e+01   2.0842614e+00
   6.5175905e+00   5.7810095e+00
   3.7309571e-01   1.8331457e+00
   1.2617553e+01   5.6286028e+00
  -2.2394882e+00   3.1347682e+00
   1.4020406e+00   5.0852755e-01
  -4.4593121e-01   1.3371174e+00
   9.4528347e+00   6.5283381e+00
   3.1776159e+00   6.4404683e+00
   1.4867177e+01   1.7813335e+00
   3.7565491e+00   7.3673058e+00
   1.0028461e+01   5.9235569e+00
   4.7958104e+00   4.4501533e+00
   7.4053922e+00   6.3728128e+00
   3.0776781e+00   2.0149927e+00
   6.3572513e+00   4.6278513e+00
   1.5328016e+01   2.7535012e+00
   8.6305474e+00   6.7845963e+00
   1.3174325e+01   2.9245468e+00
   4.1231713e+00   8.6384167e+00
   1.4876601e+01   1.8710756e+00
   1.3092764e+01   2.3621201e+00
   8.7093071e+00   5.9421016e+00
   5.8838081e+00   7.2709632e+00
   8.3056587e+00   6.8664805e+00
   1.2899026e+01   5.0030130e+00
   2.2540809e+00   1.8234895e+00
   7.1674105e+00   5.8147310e+00
   1.3771717e+01   4.8845146e+00
   4.1028914e+00   6.0816181e+00
   4.8259813e+00   7.4203382e+00
   1.3531189e+01   3.2188706e+00
   1.8267030e+00   6.0163880e+00
   1.1876627e+01   3.2832878e+00
   4.1552056e+00   8.1785956e+00
   2.6866716e+00   3.7189127e+00
   7.2021791e+00   6.2213869e+00
   9.0676250e+00   6.4502392e+00
   1.1772845e+01   2.4102182e+00
   9.3319523e+00   7.0560771e+00
   1.1995731e+01   2.6599089e+00
   1.3629633e+01   1.0612218e+00
   5.2127736e+00   1.4724842e+00
   8.0715077e+00   6.3015757e+00
   1.3661942e+01   6.8975007e-01
   1.2946593e+01   3.5212664e+00
   1.1241977e+01   4.0405055e+00
   8.7987869e-01   1.6055887e+00
   4.4647990e+00   8.2667064e+00
   2.3511940e+00   2.6728554e+00
   3.4614818e+00  -9.5990316e-01
   8.1263737e+00   4.8267729e+00
   1.3287421e+01   4.0304311e+00
   1.2369396e+01   3.7141685e+00
   1.6585845e+00   4.3134773e+00
   3.8875129e+00   8.4243312e+00
   1.2832740e+01  -2.0638549e-01
   1.1692731e+01   2.7713222e+00
   1.2198860e+01   2.1768652e+00
   1.2640860e+01   1.8057735e+00
   1.2566292e+01   2.2688505e+00
   9.6932900e-01   3.0532163e+00
   1.1546830e+01   3.4792571e+00
   5.5581574e+00   7.8703189e+00
   7.8160195e+00   5.2476991e+00
   3.0557863e+00   7.3784081e+00
  -1.0103406e+00   1.7579490e+00
   1.4568316e+01   2.4073678e-01
   6.9756290e+00   5.9771908e+00
   1.3254828e+01   2.2350861e+00
   5.0398569e+00   4.6242710e+00
   1.1290851e+01   3.4127044e+00
   3.8767293e+00   6.8176305e+00
   2.9111671e+00   6.3015255e+00
   8.5432655e+00   8.5761611e+00
   9.3339871e+00   8.3841659e+00
   5.6139113e+00   7.4000612e+00
   3.7555932e+00   6.5149333e+00
   8.0027441e+00   8.0924328e+00
   4.2523023e+00   8.9840278e+00
   3.2929117e+00   3.9669170e+00
   5.1065856e+00   1.3646534e+00
   1.3444294e+00   6.5438481e-01
   1.1028473e+01   8.9058262e+00
   5.9411020e+00   5.9996289e+00
   1.2277198e+01   4.6135031e+00
   1.4203097e+01   8.3663246e+00
   1.2001290e+01   2.2493029e+00
   4.0385453e+00   8.2309127e+00
   1.3984697e+01   4.6380632e+00
   1.3972317e+01   4.0312622e+00
   1.1373516e+01   3.4896885e+00
   3.8393154e+00   3.4024927e+00
   1.4302532e+01   1.2000429e+00
   7.5084969e+00   6.0673702e+00
   1.4858831e+01   1.7630272e+00
   1.0097718e+01   7.6193241e+00
  -5.6626883e-01   7.4777511e-01
   6.4866946e+00   5.9304384e+00
   4.7062134e+00   9.1628468e+00
   3.0180153e+00   3.1357042e+00
   8.9042762e+00   7.9054057e+00
   3.5430335e+00   5.9324640e-01
  -1.0635118e-01   9.9798038e-01
   4.6328857e+00   4.5245889e+00
   1.5362095e+01  -6.9273691e-02
   7.9663229e+00   6.8154549e+00
   1.3185757e+01   7.7372208e-01
   1.4270184e+01   1.6921365e+00
   5.3518944e+00   5.2283552e+00
   1.0360475e+01   6.1257186e+00
   1.0741029e+01   7.7633442e+00
   5.7940247e+00   5.9098936e+00
   1.4015088e+01   4.6187122e+00
   1.4306654e+00  -5.2654769e-01
   1.4038493e+01   2.5811429e+00
  -4.5197037e+00   3.3209372e+00
   9.6483020e+00   6.8326348e+00
   5.2736152e+00   5.8847400e+00
   3.9778094e+00   4.5743408e+00
   6.6257078e+00   6.2756055e+00
   9.4443981e+00   3.8120985e+00
   8.3410619e+00   7.1435786e+00
   1.2461964e+01   5.0363943e+00
   2.8387302e+00   4.8374697e+00
   1.4372376e+01   2.9535128e+00
   4.1580664e+00   9.5656886e+00
   4.0925282e+00   8.7825233e+00
   5.4999465e+00   7.8676192e+00
   1.4546149e+01   3.4213225e+00
   3.8927166e+00   8.6194992e+00
   3.5579651e+00   6.7192068e+00
   1.3284299e+01   3.4090099e+00
   4.6057871e+00   5.5537119e+00
   4.2917006e+00   7.7866063e+00
   6.3550386e+00   4.4662343e+00
   1.4501998e+01   2.3207075e+00
   8.8742596e+00   7.8338324e+00
   1.3698015e+01   2.9224211e+00
   7.3741167e+00   7.1960396e+00
   8.9976216e+00   6.6924679e+00
   1.2123743e+01   1.9803391e+00
   4.3148049e+00   1.8468124e+00
   1.3807742e+01   4.1905415e-01
   1.5736288e+01   2.7716930e+00
   5.6757331e+00   5.1617055e+00
   1.3262138e+01   1.7733168e+00
   6.1995096e+00   6.7254995e+00
   1.3427877e+01   1.2417467e+00
   1.4107948e+01   2.2096254e+00
   4.8345571e+00   5.9199707e+00
   8.0838998e+00   6.6977775e+00
   1.4353674e+01   2.8638928e+00
   1.3519282e+01   1.3383971e+00
   5.0477348e+00   8.3290957e+00
   5.3939156e+00   3.9341598e+00
   1.3858679e+01   3.7467709e+00
  -3.1362571e+00   1.3744634e+00
   1.1866054e+01   9.4258471e+00
   3.0627578e+00   6.7161585e+00
   1.3550172e+01   3.5638559e+00
   6.4377046e+00   5.5007464e+00
  -5.9979180e-01   1.5673233e+00
   9.3809680e+00   7.4480379e+00
   1.3877274e+01   5.0779074e+00
   1.4533764e+01   1.0562997e+01
   1.0215636e+01   3.7003043e+00
   7.5716571e+00   5.2243279e+00
   1.1180095e+01   6.4186049e+00
  -3.6413196e-01   1.2436921e+00
   1.3167178e+01   2.4848772e+00
   1.1390317e+01   4.1735287e+00
   1.2971357e+01   4.4664174e+00
   9.8846932e+00   5.8227041e+00
   1.3805799e+01   1.3135173e+00
   1.3053644e-01   1.2409913e+00
   1.1577796e+01   4.9900081e+00
   5.2486318e+00   5.0148933e+00
   3.3840034e+00   9.5139365e+00
   1.2289217e+01   4.2198474e+00
   1.2878809e+01   3.6509856e+00
   1.2987895e+01   8.3380918e+00
   1.4438141e+01   1.1377549e+00
   1.4392944e+01   1.3890291e+00
   1.1706941e+01   5.1534168e+00
   9.5730682e+00   7.0203301e+00
   1.2301074e+01   2.7871370e+00
   1.3860772e+01   9.3871098e+00
   1.3777408e+01   5.5486529e+00
   1.3926414e+01   1.7854376e+00
   4.0639635e+00   5.4095937e+00
   1.0860226e+01   8.3632157e+00
   5.9877671e+00   4.3347476e+00
   4.8581548e+00   7.9004472e+00
   4.5941855e+00   8.6019859e+00
   1.4087024e+01   1.5467264e+00
   4.1850624e+00   3.7926579e+00
   7.0272384e+00  -5.3184850e-01
   4.7640444e+00   5.8853474e+00
   6.5055417e+00   1.4096465e+00
   1.2026490e+01   4.4613082e+00
   7.2777495e+00   7.5294718e+00
   1.4752221e+01   2.2041474e+00
   3.6240085e+00   1.5536903e+00
   3.7619079e+00   7.1803991e+00
   1.1543095e+01   1.9382042e+00
   4.6604377e+00   9.4171046e+00
   8.2739895e+00   7.6950621e+00
   8.6099864e+00   5.2888456e+00
   1.6219624e+00   7.9997480e-01
   3.6134596e+00   1.7875838e+00
   1.3880270e+01   3.7460537e+00
   2.8294191e+00   1.6450164e+00
   1.4307779e+01   1.3860984e+00
  -5.6728946e-01   2.4889301e+00
   6.4237961e+00   5.1321801e+00
   8.3101385e+00   7.2004675e+00
   1.3254583e+01   4.3044598e+00
   6.9539380e+00   5.0664688e+00
   1.2791437e+01   1.8551927e+00
   1.3381832e+01   5.3338717e+00
   1.3732309e+01   2.4177944e+00
  -1.7514643e+00   1.8383675e+00
   4.3777978e+00   8.9532300e+00
   7.8868875e+00   6.0858159e+00
   4.3530361e+00   1.2194440e+00
   8.1182774e+00   1.2012421e+00
   1.2357399e+01   3.5129231e+00
   6.8261989e+00   5.5280174e+00
   5.7023680e+00   5.7885615e+00
   1.1518900e+01   1.0590109e+01
   4.5326025e+00   4.0897434e+00
   6.6829103e+00   6.2042046e+00
   1.1151846e+01   5.7926846e+00
   3.0138279e+00   7.7628108e+00
   6.8270024e+00   5.3365380e+00
   2.5736813e+00   1.1974056e+00
   6.0057501e+00   5.4916430e+00
   1.2074903e+01   5.1595321e+00
   1.2446056e+00   7.3372967e+00
   3.1971246e+00   2.1439253e+00
   1.0982663e+01   6.1720117e+00
   2.7499337e+00   4.0087088e+00
   1.1441914e+01   5.6161796e+00
   8.0941725e+00   7.1052574e+00
   6.3260740e+00   9.1160527e-02
   6.0197822e+00   6.4208224e+00
   1.3007196e+01   4.0708958e+00
   6.9717836e+00   1.5919460e+00
  -8.5891129e-01   5.1435175e-01
   4.0895886e+00   2.9218444e-01
   6.6562317e+00   5.1474315e+00
   1.2006283e+01   5.7601505e+00
   2.8383347e+00   1.0002870e+00
   2.1057480e+00   4.9519421e+00
   1.4549406e+01   2.9859918e+00
   3.5441215e+00   4.2262020e+00
   1.1437384e+01   3.4813851e+00
  -1.1129874e+00   1.9734497e+00
   1.4967059e+01   2.5307297e+00
   1.1616493e+01   1.2681974e+00
   1.3760884e+01   3.1652071e+00
   1.2380593e+01   4.6846648e+00
   3.7114051e+00   7.3840571e+00
   8.8927395e+00   7.7853870e+00
   2.1071125e+00   8.2945969e+00
  -3.0557841e+00   6.5368250e-01
   1.2918421e+01   2.8906131e+00
   1.3165804e+01   3.9969209e+00
   4.4136083e+00   3.9204080e+00
   3.5840383e+00   8.4839434e+00
   5.5185684e+00   5.8752372e+00
   4.9102227e+00   2.7784153e+00
   4.6759051e+00   8.9354846e+00
   1.1574198e+01   3.5716510e+00
   1.1383593e+01   3.5345008e+00
   1.1705366e+00   1.7280287e+00
   1.3966546e+01   3.7178649e+00
   9.7187443e+00   7.9876451e+00
   7.3133192e+00   6.9681817e+00
   4.9444196e+00   4.7536102e+00
   3.9337140e+00   6.0034165e+00
   1.7085716e+00   1.6296255e+00
   1.2698093e+01   1.2807881e+00
   4.0929080e+00   5.5529905e+00
   8.3453650e+00   6.4451568e+00
   4.9199831e+00   3.9229295e+00
   5.2712105e+00   5.2485993e+00
   1.3325404e+01   3.8869424e+00
   1.4447233e+01   2.0534885e+00
   9.3057449e+00   7.1661686e+00
   1.2362172e+01   3.1314783e+00
   1.3906071e+00   1.6948856e+00
   3.5580567e+00   7.5780292e+00
   1.3207049e+01   2.9083437e+00
   1.0101525e+01   6.0585890e+00
   1.2407070e+01   2.4947239e+00
   2.2503110e+00   3.9867258e+00
   1.0788774e+01   1.9682015e+00
   3.1867444e+00   4.3013729e+00
   3.3652348e+00   1.0687610e+00
   1.3594772e+01   3.1984528e+00
   1.2585174e+01   1.8293263e-01
   1.1685951e+01   4.3083993e+00
   9.8963796e+00   6.2430865e+00
   8.1261988e+00   8.6161626e+00
   1.2061478e+01   8.3568153e+00
   2.7014466e+00   1.0300617e+00
   1.1977729e+00   3.6737571e+00
   1.3374093e+01   2.4064161e+00
   3.6035980e+00   8.6158466e+00
   1.3895579e+00   1.7862965e+00
   1.3054717e+01   3.3929065e+00
   1.4759545e+01   1.4305456e+00
   1.5188271e+01   2.1103743e+00
   1.5006543e+01   3.0892452e+00
   2.0120103e+00   3.7592718e-01
   9.5418229e+00   5.7482816e+00
   3.6157503e+00   7.3025738e+00
   9.7618814e-01   3.6529061e+00
   2.2505934e+00   4.2143053e+00
   5.8706969e+00   5.6926984e+00
   1.2504904e+01   2.8981453e+00
   6.2748486e+00   4.8530123e+00
  -1.5584756e+00   2.0278627e+00
   1.4272599e+01   3.8088823e+00
   4.0112741e+00   3.1387606e+00
   8.9552863e+00   8.1346745e+00
   1.2342686e+01   3.5984601e+00
   7.2562431e+00   6.0204644e+00
   9.3612301e-01   1.9625418e+00
   4.5502823e+00   9.9425181e+00
   2.5853006e+00   1.3331292e+00
   1.1477874e+01   3.6344121e+00
   5.9442555e+00   5.2633693e+00
   2.0279585e+00   2.7958869e+00
   6.9849090e+00   4.4537682e+00
   1.3114200e+01   2.1504853e+00
   3.7133313e+00   7.7285347e+00
   9.4813725e+00   6.0677990e+00
   1.3168187e+01   3.7958113e+00
   2.6447411e+00   9.2905214e+00
   1.1657127e+01   2.4593199e+00
   5.4844279e+00   6.3348043e+00
   4.2112965e+00   9.0263613e+00
   1.3080951e+01   4.5842850e+00
   1.1205711e+01   4.9213869e+00
   1.2689209e+01   4.1852685e+00
   2.1063722e-01   2.0664660e+00
   7.2703573e+00   7.1745554e+00
   7.6836566e+00   6.9744716e+00
   7.2910185e+00   5.9504589e+00
   1.3370606e+01   2.8503700e+00
   9.6116957e+00   8.3758480e+00
   1.4195389e+01   2.4613811e+00
   2.5711492e+00  -5.2707271e-02
   4.9305190e+00   6.1672202e+00
   8.6274199e+00   6.4596921e+00
   2.4684761e+00   4.4180712e+00
   1.3898180e+01   7.4723252e-01
   1.1498662e+01   3.8248165e+00
   5.3295089e+00   8.3882093e+00
   1.1370045e+01   4.8242495e+00
   1.1544544e+01   3.8979800e+00
   4.9617878e+00   9.2448852e+00
   1.1362583e+01   1.4930313e+00
   4.1269630e+00   3.5713718e+00
   8.2219388e+00   8.5657095e+00
   7.2559362e+00   8.5356629e+00
   2.8003856e+00   1.2334011e+00
   4.1117015e+00   9.2714367e+00
   1.4071856e+01   4.1588830e-01
   3.2573842e+00   3.1825799e+00
   1.4476264e+01   2.0940303e+00
   5.3026925e+00   3.3246589e+00
   1.1837301e+01   3.0310554e+00
   1.3088004e+01   4.2131212e+00
   1.1344933e+01   7.3600624e+00
  -1.7155357e+00   2.3557726e+00
   6.2244780e+00   5.3562519e+00
   4.9963480e+00   5.1371398e+00
   3.6233693e+00   8.7986861e+00
   4.7610258e+00   2.3959982e+00
   4.3716023e+00   6.1747991e+00
   8.7009878e+00   4.9454350e+00
   8.6443196e-01   2.6975469e+00
   1.4918111e+01   1.6265784e+00
   4.1598015e+00   8.6782570e+00
  -2.6786813e+00   1.9883511e+00
   1.8376091e+00   3.6402989e+00
   4.5823462e+00   3.9270842e+00
   1.3474656e+01   1.7798264e+00
   3.5125914e+00   6.0193023e+00
   1.4150630e+01   1.0070067e-01
   3.7093319e+00   7.1771184e+00
   1.2237036e+01   4.5446674e+00
   4.4373849e+00   7.9944899e+00
  -4.1532580e-01   1.5218135e+00
  -1.3328347e+00   1.6495044e+00
  -4.3884727e-01   1.8012602e+00
   1.3167687e+01   5.9056281e+00
   1.2038999e+01   3.5399355e+00
   5.8087226e+00   8.6846212e+00
   8.9390276e+00   7.2587620e+00
   1.2924087e+01   2.7711250e+00
   1.2153106e+01   4.1514095e+00
   1.0766498e+01   8.1099186e+00
   1.4883030e+01   3.1219419e+00
   1.1712220e+01   5.2759717e+00
   6.0055274e+00   5.6552689e+00
   1.3167690e+01   1.5241228e+00
   4.7196941e+00   4.8906386e+00
   3.1250492e+00   1.1552076e+00
   1.6191472e-01   2.7704408e+00
   8.3747463e+00   6.6735670e+00
   2.1267156e+00   5.7465619e-01
   1.3779625e+01   2.4668673e+00
   3.5601380e-01   1.0018669e+00
   1.4762445e+01   3.0479716e+00
   1.6741114e+00   3.3144304e+00
   1.1499344e+01   3.7440037e+00
   5.6254662e+00   8.1758175e+00
   1.3805856e+01   3.4653390e+00
   1.2302733e+01   3.5887055e+00
   1.4676589e+01  -9.8754336e-01
   1.0922067e+01   8.0805961e+00
   1.3739048e+01   4.0796918e+00
   8.1625778e+00   4.6765032e+00
   1.3136000e+01   4.4751593e+00
   3.7247964e+00   2.4558072e+00
   7.8814164e+00   6.3761439e+00
   5.5907211e+00   4.8519929e+00
   5.3487779e-01   5.6996164e-01
   1.1426588e+01   7.3828356e+00
   1.3690096e+01   4.3089651e+00
   8.5718327e+00   6.4964385e+00
   3.5564756e+00   6.6099050e+00
   1.6079143e+00   1.1335281e+00
   1.0976028e+01   4.9655165e+00
   6.3523825e+00   7.0870736e+00
   5.7187916e+00   9.3144733e+00
   6.2763410e+00   6.8952726e+00
   6.7873725e+00   5.5002936e+00
   1.4520651e+01   1.4938965e+00
   9.6975601e+00   8.6113324e+00
   1.1058480e+01   3.8869768e+00
   1.3103006e+01   2.3006761e+00
   1.0413745e+01   8.2731655e+00
   3.6222089e+00   6.6854944e+00
   1.1781980e+01   3.3153863e+00
   4.9615399e+00   7.6708826e+00
   1.2062641e+01   2.5082313e+00
   3.3599279e+00   6.4013549e+00
   1.1921855e+01   3.5305088e+00
   1.2754253e+01   2.8413600e+00
   1.5088134e+01   3.0199391e+00
   1.3750283e+01   2.6532969e+00
   5.1375902e+00   4.5671221e+00
   2.0343890e+00  -8.8404636e-02
   2.7199574e+00   4.1439312e+00
   2.4611495e+00   2.4731483e+00
  -3.6741989e-01   7.5099652e-01
   6.4517847e+00   4.9253901e+00
   9.8093681e+00   7.1882495e+00
   7.8638843e+00   6.8327293e+00
   1.4470812e+00   3.4867120e+00
   1.3247183e+01   4.8069628e+00
   9.4128154e+00   6.6173356e+00
   1.3852289e+01   2.3194587e+00
   8.8158985e+00   6.5658487e+00
   1.3843522e+01   3.6820993e+00
   4.2472166e+00   5.3663159e+00
   3.3800102e+00   8.4994386e+00
   3.9271813e+00   8.3305644e+00
   4.3844090e+00   4.2699984e+00
   1.4683662e+00   3.3028701e+00
   1.5302435e+01   7.4894778e-01
   1.1905350e+01   6.5683173e+00
   8.3138589e+00   2.4845628e+00
   1.3090027e+01   4.3212793e+00
   1.4063580e+01   4.2271712e+00
   6.3485200e+00   9.2858489e+00
   3.1463546e+00   6.6506586e+00
   1.1583625e+01   6.5459607e-01
   1.3210698e+01   2.1739531e+00
   1.4959042e+01   2.4428645e+00
   7.2961265e+00   4.5592096e+00
   3.9759206e+00   3.7955862e+00
   4.5709345e+00   8.9882192e+00
   4.9300386e+00   5.9693519e+00
   3.5758276e+00   6.2072722e+00
   6.0203867e+00   6.9296433e+00
   3.7052706e+00   7.3806511e+00
   5.5359271e-01   1.6663070e+00
   2.3628200e+00  -3.6362921e-02
   4.2927738e+00   6.1588438e+00
   6.3627892e+00   6.1609377e+00
   5.3671435e+00   3.7358398e+00
   1.0227238e+01   7.6019864e+00
   9.7031839e+00   6.8843656e+00
   1.3214605e+01   5.1327656e-02
   7.0498040e+00   1.3098805e+00
   7.7706710e+00   6.8262503e+00
   7.8654644e+00   5.1389599e+00
   2.1718996e-02   1.6885779e+00
   4.5964736e+00   7.0886306e+00
  -4.7832497e-01   2.9939468e+00
   1.1462189e+01   5.4011441e+00
   1.8843498e+00   7.9822495e-01
   5.8428065e+00   4.9247882e+00
   4.8996951e+00   7.1153355e+00
   5.2353489e+00   1.0367341e+00
   1.4462882e+01   4.7210432e-01
   1.2639764e+01   1.9178971e+00
   6.7396271e+00   6.1904424e+00
   1.2568075e+01   4.1325364e+00
   1.4801881e+01   3.8428939e+00
   6.2176621e+00   6.7076339e+00
   5.2974194e+00   7.9990763e+00
   1.5276112e+01   4.8708367e-01
   4.7603086e+00   6.4669518e+00
   3.5181169e-01   1.5604559e+00
   1.2438584e+01   2.0360256e+00
   6.0785807e+00   4.5458656e+00
   2.6448124e+00   2.1945758e+00
   1.2999807e+01   2.2328430e+00
  -1.1914616e+00   8.7875139e-01
   7.6876266e+00   6.4643369e+00
   1.3481473e+01   1.0433264e+00
   1.1467058e+01   3.1752083e+00
   8.7481964e+00   4.9915566e+00
   1.1918505e+01   2.4514145e+00
  -7.4996681e-01   2.2775080e-01
   1.0200896e+01   6.9800262e+00
   5.5903926e+00   2.0608411e+00
   1.2162943e+01   4.1857756e+00
   4.6470783e+00   4.5076904e+00
   8.3648242e+00   7.3165101e+00
   4.0840914e-01   1.4028306e-02
   5.5666668e+00   7.3107844e+00
   1.3731450e+01   3.0688288e+00
   4.7202440e+00   8.2060108e+00
   6.7069207e+00   4.7484114e-01
   5.9724482e+00   6.5408448e+00
   1.4821024e+01   3.8073263e+00
   3.1400919e+00   1.5087903e+00
   7.5145969e+00   5.8976967e+00
   4.7188695e+00   4.2404173e+00
   1.5753728e+00   1.6968670e+00
  -2.9140536e+00   4.4315522e-01
   1.4218378e+01   6.4490397e-01
   1.2354894e+01   2.1762918e+00
   1.1028515e+01   2.2933443e+00
  -5.3520517e+00   6.8307159e-01
  -3.6601552e+00   6.0686234e-01
   1.2543672e+01   5.9109725e+00
   4.4627482e+00   5.7037122e+00
   1.1653389e+01   3.5194372e+00
   5.9226608e+00   5.2871704e+00
   4.6705192e+00   6.8099656e+00
  -2.8607557e-01   1.8360461e+00
   3.3779973e+00   7.8196307e+00
   5.7977060e+00   2.0854051e+00
   1.4030881e+01  -7.6427968e-02
   1.2901311e+01   2.2913599e+00
   5.4305616e+00   3.4004864e+00
   1.5558426e+01   1.0523646e+00
   7.5095959e-01   4.1644421e-01
   7.9861438e-01  -2.4958171e-03
   6.6779235e+00   5.9812466e+00
   1.1497733e+00   1.4671970e+00
   8.9775525e+00   5.8910327e+00
   1.5123239e+01   3.9825551e+00
   8.4146741e+00   5.6137874e+00
   1.0635269e+01   2.0693258e+00
  -3.8027203e+00   2.0002065e+00
   1.4397415e+01   2.6774836e+00
   1.1604238e+01   4.7602146e+00
   5.1388750e+00   6.3667826e+00
   1.2734723e+01   3.4714105e+00
   4.6045279e+00   5.2976089e+00
   5.8971023e+00   5.9251970e+00
   6.0751228e+00   7.2122342e+00
  -4.2239281e-01   2.2999366e-01
   3.7434185e+00   9.6376547e+00
   1.3087294e+01   1.5142649e+00
   6.7996039e+00   5.3418689e+00
   2.8574196e+00   9.3913383e+00
   1.2518062e+01   1.9740965e+00
   5.0810862e+00   4.0175347e+00
   3.1855096e+00   6.7827714e+00
   1.3028384e+01   1.2915495e+00
   7.6881154e+00   7.4616512e+00
   9.6076987e+00   5.4636521e+00
   2.5438960e+00  -9.1835130e-01
   1.2118058e+01   2.0794733e+00
   4.2943793e+00   7.2467371e+00
   2.9232375e+00   3.4862211e+00
   6.0058101e+00   8.7590639e+00
   7.9713714e+00   5.8566940e+00
   5.1253117e+00   3.4934569e+00
   1.4389900e+01   1.4523938e+00
   6.0417037e+00   6.8813349e+00
   2.0742330e+00   2.1044029e+00
   4.3750053e+00   4.8092419e+00
   5.4624257e+00   6.2413031e+00
   9.3228208e+00   5.5968984e+00
   3.4837852e+00   4.6690538e+00
   7.9098150e+00   7.1178189e+00
   7.4662508e+00   6.9769410e+00
   1.3065749e+01   9.3923955e-01
   1.3683359e+00   3.5372735e+00
   1.3669910e+01   5.6370548e+00
   9.0010439e+00   6.8520882e+00
   2.0988307e+00   9.2986925e-01
   5.2948823e+00   5.1730071e+00
   3.4711271e+00   7.3082383e+00
   6.9962535e+00   7.0721520e+00
   5.7224642e-02   3.3163747e+00
   9.5853640e+00   5.6513057e+00
   4.1742453e+00   6.0403353e+00
   1.3798030e+01   3.6198689e+00
   4.7333090e+00   9.1254094e+00
   5.2712514e+00  -2.5706081e-01
   1.3462284e+01   4.1108158e+00
   7.5145201e+00   7.4419085e+00
   1.4068535e+01   2.4268550e+00
   9.8484645e+00   7.6346969e+00
   1.2358315e+01   3.3878577e+00
   2.9350598e+00   8.5660744e+00
   1.5195690e+01   4.3126649e+00
   1.1408375e+01   1.7915541e+00
   4.2916642e+00   9.7028798e-01
   6.4678298e+00   5.7028481e+00
   2.0789105e+00   4.1010496e-01
   4.8551904e+00   9.6477317e-01
   1.1242595e+01   8.5522786e+00
   4.3118658e+00   7.0924313e+00
   9.2211317e+00   6.8892627e+00
   8.5482048e+00   9.1039107e-01
   4.3572151e-01  -8.8605305e-01
   1.4495257e+01   2.9100079e+00
  -1.9344598e+00   2.3719887e+00
   1.0264618e+01   6.1633200e+00
   1.1637430e+01   3.0267169e+00
   1.0542178e+01   8.0773099e+00
   1.4820909e+01   9.1630814e-01
   3.3791463e+00   1.5606733e+00
   1.1690989e+01   4.5215677e+00
   1.1129959e+01   3.8809235e+00
   3.9074509e+00   1.0025724e+01
   1.2651438e+01   1.6045437e+00
   1.3844825e+01   4.8884788e+00
   6.4054031e+00   5.8495075e+00
   1.3608260e+01   4.5084282e+00
   1.2208258e+01   6.3391889e+00
   8.2010703e+00   7.8463013e+00
   2.9911210e+00   7.8281998e+00
   1.5592239e+00   1.3449873e+00
   3.1985035e+00   1.9202059e+00
   5.7388457e+00   5.2106935e+00
  -1.7110755e+00   5.8923291e-01
   1.3315461e+01   2.3284223e+00
   1.3356861e+01   3.8671095e+00
   7.2671490e+00   6.6810270e+00
   1.4219327e+01   3.7006892e+00
   8.2990233e+00   6.3467763e+00
   1.1817773e+01   4.5687906e+00
  -1.8964230e-01   3.6642675e+00
   1.3097524e+01   1.7154418e+00
  -1.6243264e-01   2.0609171e+00
   1.2808356e+01   3.0309813e+00
  -1.5716159e+00   2.7491739e+00
   7.8925560e+00   5.3963381e+00
   1.1239775e+01   4.4398900e+00
   1.1871610e+01   1.7496559e+00
